00000000000000000000000000000000
00000001000000100000001100000100
00000101000001100000011100001000
00001001000010100000101100001100
00001101000011100000111100010000
10000000100000011000001010000011
00000000000000000000000000000000
00000000000000000000000000000001
00000000000000000010000000001111
00010001000000000000000000000000
00000111000000000001110100000000
00000000001000010000000000000000
10000100100001011000011010000111
00000000000000000000000000000000
00000000010000000000000000000000
00011010000000000000000000000000
10001000000000000000000000000000
00000000000000000000000000000000
00000000000000000000000000000000
00100101001001100010011100000000
00101000001010010010101000000000
00101011001011000010110100000000
00101110001011110011000000000000
00110001001100100011001100000000
10001001100010101000101100000000
00000000000000000000000000000000
00000000000000000000000000001000
00110100001101010000000000000000
00110110001101110000000000000000
00111000001110010000000000000000
10001100100011010000000000000000
00000000000000000000000000000000
